36h11_id:_8
51.611 245.347
74.2265 283.875
56.0209 327.512
35.3045 289.137
36h11_id:_9
74.6811 302.931
106.576 302.846
107.708 368.459
75.9253 363.979
36h11_id:_10
115.99 358.988
145.311 410.265
119.858 453.798
94.1053 402.544
36h11_id:_11
96.6719 269.011
66.1042 262.953
67.3494 201.304
99.2869 202.725
36h11_id:_12
120.018 226.494
150.041 271.016
124.665 323.348
97.5963 278.34
36h11_id:_13
144.431 296.919
177.261 348.071
149.076 397.502
119.486 346.819
36h11_id:_14
101.63 111.335
130.186 148.621
106.833 207.443
80.3542 169.031
36h11_id:_15
139.413 148.248
172.834 190.62
145.036 251.332
115.255 207.923
36h11_id:_16
157.078 243.912
197.75 201.789
223.168 272.614
177.971 310.215
36h11_id:_17
133.74 21.7579
167.417 56.3104
139.964 126.603
109.719 89.6796
36h11_id:_18
207.896 67.9429
207.912 154.357
160.104 167.108
157.961 88.515
36h11_id:_19
232.61 117.327
280.351 167.723
238.504 242.092
197.16 191.191

