36h11_id:_8
-0.02337223475  -0.1727708343  0.5605219405  2.162893372  0.9603661689  -0.3542513573
36h11_id:_9
0.01872804875  -0.1279750106  0.5151831974  1.72788241  1.732207314  -0.7238207429
36h11_id:_10
0.07430689392  -0.09898508652  0.485802798  2.158693657  0.948472856  -0.3729538033
36h11_id:_11
-0.06509088213  -0.134879298  0.5132244332  1.652947181  -1.884055924  0.8664879223
36h11_id:_12
-0.02883515099  -0.09367109682  0.4757921049  2.152305242  0.9512946227  -0.3662479467
36h11_id:_13
0.02615681064  -0.07203002515  0.4580705743  2.157176142  0.9496631359  -0.3622422499
36h11_id:_14
-0.1192845003  -0.1088431097  0.4803146114  2.149410786  0.953345792  -0.3572191371
36h11_id:_15
-0.08161768876  -0.07349203914  0.4467745819  2.140807156  0.9519793728  -0.3621461838
36h11_id:_16
-0.0368060472  -0.03727508111  0.4124485094  1.322910901  2.16291586  -0.9237906776
36h11_id:_17
-0.1704706417  -0.07635439008  0.4405069802  2.138965353  0.9551236376  -0.3569940009
36h11_id:_18
-0.1253969825  -0.03990632681  0.401385893  2.309447829  -0.01264641231  0.05674413914
36h11_id:_19
-0.07940468564  -0.004710683174  0.3696453383  2.138945637  0.9424794721  -0.3646564043

