detection_0
376 35
376 114
454 35
454 114
detection_1
488 499
488 555
544 499
544 555
detection_2
487 1037
487 1093
542 1037
542 1093
detection_3
447 962
447 1017
502 962
502 1017
detection_4
440 440
440 493
494 440
494 493
detection_5
489 226
489 280
542 226
542 280
detection_6
480 893
480 945
531 893
531 945
detection_7
481 785
481 836
533 785
533 836
detection_8
480 671
480 723
531 671
531 723
detection_9
455 1091
455 1142
506 1091
506 1142
detection_10
505 1138
505 1189
556 1138
556 1189
detection_11
445 824
445 873
494 824
494 873
detection_12
359 880
359 928
407 880
407 928
detection_13
362 779
362 827
410 779
410 827
detection_14
439 54
439 102
487 54
487 102
detection_15
486 361
486 409
534 361
534 409
detection_16
444 300
444 348
491 300
491 348
detection_17
435 596
435 643
482 596
482 643
detection_18
459 172
459 219
506 172
506 219
detection_19
485 98
485 145
532 98
532 145
detection_20
352 287
352 334
398 287
398 334
detection_21
439 708
439 754
485 708
485 754
detection_22
318 1041
318 1087
364 1041
364 1087
detection_23
358 1099
358 1145
404 1099
404 1145
detection_24
381 576
381 621
427 576
427 621
detection_25
379 354
379 399
425 354
425 399
detection_26
375 460
375 504
419 460
419 504
detection_27
325 198
325 241
368 198
368 241
detection_28
361 674
361 717
404 674
404 717
detection_29
360 973
360 1014
400 973
400 1014
